$ANSIBLE_VAULT;1.1;AES256
39653632366236613334353062656633653832353164303637633965363131623663613561633232
3334633935343037336166363933386162633065353538310a656539656438363661353835346634
63353435633337396161633631646362313737616536306131373363323032326632643137343165
3732363465316364390a303630363134353636636430376133326266393833333364353330396139
62333339323133633465323166326233323032666338326161616364353838653738366132623762
35656230326162373537393665383630336161643064336534643933336337333661333262326234
37626230353537306461353030343334386435616539333639636163303338306237623733303366
61303666396461353739616165626264306234333866643835643863666162623131386138643838
63326165633832616461616539623062393432386464333838353866366565633164316234313862
37663937333662383932643732373133356266653639396639616564626561613938316138373237
32333432303361666335633461636164393833643237316361326330316234376635346230613030
64386234393331333237346466343436343630666536323531346464613465336330613433383066
33313762663635356438333965393339646237373737633763656339343861373336346630346263
39633633303863623637306637613665646163623232643331626366323266623733623434376366
32643461636230346166646139326233643838336164303532643135386637633835383662633034
38323536336363646162656134643963303732613561343966393266363030643466323565393035
32623765633039633039326266636531373230333166643738373166643463333165353133336263
61623034343763303237643365313035643336386133393836323266623234353238626130616430
36373730336339613365363837363137636437623565306338383232383562633834306361613734
34656466366239643233396538333462326264646465656164386265393935313930336466326436
64353962313839306134633864633934306335383839323931336664663962633866616634663830
61363761633537333230666533373836636139376135353561393137623432666663333635373530
31303131646164643765343263373938363830323434383934386439366533306134366136393764
36393433323730323231643037626332363937643635626636343335353037616337373739653634
63383036393238383564613936396432306236633831326265373833636436393161343239363164
36343938613864656530383131656562303837633532643130623032313861613364383061373433
36643965656437663539343263326361313765336435373065663461343632616431636166633364
34376565393662363161353735383561373339306166346232346333643439646362313236363135
64653339373235373534616261653434646434666264373166316432633161383839343062313037
33653839383032326632643031663236323937336535376231326237333231616535663732383763
31643566383863323466363832386239643933623332386433616364306639316234633532633032
39393737663432306336333937303265343761313235616137363464313562616334376664356364
30336639656135303038616564633135373336313864643730643062333536333137386366323436
30356136323832353635383962633139336135386632666634656661386230333636626261343438
64326661346166343863393036303861626261393139366633393230393161366436363538356535
35313361653437386339323331643038656132663563303565326337656537316162303266616638
61623634653134383564653266613230633937613862613431396232356138613065373765353663
31623337633266616133373433333438656636616430333165373536613065323039353166333334
66366461383961383037303239323235663338386539336431346561666335393736346337343936
32626633623561636437303366316331656162373862393235386135633832643830353433333064
32643733396663633065393730616135346438666133346636303032353731633661393663396236
35373532326536323733336466303434373638343364373635386562396139353838643261643733
61616465386135353335356130303961303938613332636564333435396561303864336434633933
63646436626530316330633330346633323665383765353062333531643233373733626536626430
30306665343565396263623363643432656265363465636130363631373162373132383132643064
63656333613461626237343365346631303738643931626263346163643233356430623164363063
39373062363033663637356333316232643532653964363133396336393439303062333964363036
64323962333666636662336239313230343066653361303137363438346563656134383835306432
36366333643738373835316538383865626663333433666339333931363135353638396530393337
36613337643662636462646665373333393938633366643863653534383731633437616561656230
66306266363961366161623839636661343833333233633465313039373034373766386531646463
62346534396232376564663433306430663661343032343630373365646530316465353835333935
32636534393235613264633666633537326366623965396137646266663265383166626265303364
38343261366464373836636663663963383461633762666461623434383962663637663161666539
30303438316536353832633363666235323636373536373163633063303836666136363835353339
65613866343534393734323030636337616535626437373034313864653965383439383034383661
39376636373736623131393438613561353831656230366330616137306631336639636435396261
65366634393332363465663933326636613533366232633765653131343361613532363539626134
64326262616463306438323337323261346636313535646434363435386634353634326164383339
36316162303139613031643765343865383462313163373861306139373461383266363131356662
62613539623832316635383832306136646538613361373363623031646431386563303764396464
36643232353333656134333563396362346533393535636261623330386632666635393261383935
31646363366132326663653830636561373966613034623230373365343966303339373631643734
32343465303236356332383464383963336639363138336262316330353139626365653236323237
39336236376633396138336231316639383935386663626236356536386631626532383337306338
66346230613337643164646137376138356366666138383462353730366133356534373866303064
36623837323863386139633666323138366264616366656663383631633830376566373130613066
31363565313532333863653563396134363233666565663964626235656638656561663731643334
35623935393431393630613832343038303363383365353364636631636365653865303031303336
37313837303262323830306632366337386333306237323339636166666566633439653864636631
32633966313666646230383239323263343262376533353364626135363932623037386536623465
63656566313739346235626465313665623639653330323839643434313331366263303231613765
37376438346431393235616432376565616166373961643064353866393834333463373365333938
66313661373937336535316639656262313232343333653161306234613530333033666333323536
34313063303564396138346562366435306662383662323436383232363564313737383936623939
65646537633333363966356635643365356565643935386561616436653639303662623161323766
63663431396661326433326539613365373134356564366466393038663463313566333735313732
34636662646437616362656665663363303363386138616166306665363339326363303634376138
65633166393831653533653163333137623735396364303662663663343965366530653166393731
33343131393433376338646463626431616465336134323935383366353933626132396661666533
39303464396630643831306535303234306335663931393835383332633339383962396135363335
31643537663737363239653333623735646338646466363932366363666636373433383630656461
66306434303439343231326136393130323431383462623232386464323032376534663865663730
39376564643733366539383238323263316264393735363536373062656566303463393430623662
35303830353465643763393737616431343561656533343739383264636134363330663335343063
39356264363835303161636261393835323934386436356439306363333332383961326335396364
34343233393332636666396564363937633335376331386134396533366630373832663536376132
38646532633938366565
