$ANSIBLE_VAULT;1.1;AES256
34353534333238663737363664633134336535343138373032383237373665623235303763623037
3963663733643464393733323037343933333162666464360a333838356332393966646632613639
38623830316165353638383461616230383565383135343335666161316434353134633366316136
3833653865613761390a393339346231653361626132393033396436353665613465663036346237
39306536663231643738383236323935323631626632323134643261633065643937303936333535
66386632313038396462613537663130616563646635623636323239653336373135313366653263
38313736393136316438373366353936376535336139343432313632646633333333336132376334
33353638346236613030623162363237373932303562613763346364353038353164653466343161
38643266313966316366323163626432663532373663656633666136646133356132306561376233
63663361363937363236373266633134376564643535663962656463353762323531383464663364
36626563626163633630346361326237613166363865613132633633663662323339373862653837
65373966373639346661613436313032393134646564326434653538363131626331346539313166
33663935386134323831653530323066353137343333346135663533663264343564363336356435
33633962623931346365373663613561376666306566646365303965653462623238616435656164
65366236343233373566306439323463396166306531356561303039616139356362306165643966
66383533363664396539323637383366636338313835643837656565356365653837643639333834
66373662653564643561346631383935646632363433613532316133623032333732356363353363
63633836393136623861323639343437326238333238663032333332383565626234316435656531
36376639333835643239383836636431343461626262326131303064303935636337393062353333
62316135653162356339626333336664653234303531313031386231636136376136616437376530
35343261393562323432613939343734363736323562306163383361666562626365323032326632
35303734663633636339633062353837623538633834306565303438633966343739626562633536
31646331656434623231373961346466336466356135366139363139653834326131306435616562
64323463373761343038633863393239653832326338393235336330636137313135646136366533
37613165656364353461373438346565353861346366323637303831386439646536333562336562
30306465643734643435663566623932346239316539326535336463666334663135626662363235
32626638346235633731363137643939663561396261303964353835303165623666396635336132
37366331663063316632633566383938363465636233356565383331396431353763386534376663
62303137366236636638356132393266313564353262323839393363616534306561643230623065
36393037353337626266353366626633663563663130363265363863633837333135306561353261
36616331623336626439643332326230316465636164626238366437366639643366636336346430
30353663373666353762326236663665306264343637363935653464616539363562333034343833
33356337633137643136396432633862366563623837393433643136653836633766326134666633
34613438373162626364666532636265643938333831376564336465646434343230333934663565
37353964623130663237656339623033313837653366333233653761376339383834646266303363
31323731353166336133653435383361663263383031636134656138316635633130653438333133
32666265323462306236326263613766383263363532373962333465636265336462326635653266
35643866313739633832383165313634303239623939366137636636386235303963356331636334
33656136303632333438623063343938376130373665323130636332346261326230643361306365
61646538383737643963663736363163616630653630393931396266626139333665306662636134
34613566353638306337636461643530643330383466656266373636386434656636643536343866
30366139616533303961373564303061333633303964613033373164366235313439643966323164
38333435316536376665613562643833636631666564313331643732356565366132306362633766
37316631383163616563343265633937653631313638643464386566616230633965393832396136
32633035383930336434336139633633633262306464356638303261366338616562393166623866
35643663323331643064343464653232343536323737646137326264663633393261626237313764
39313532386238666137343066646537616666373031616234363162373639393361303332613633
33393363326561373139626266306238396334623539633131366337616534306338346533363839
38666138353364653761393161353166653832343836386661373937613931656232383231613831
32393932323465376530653164663530353765343038653832643835643737613233376332613937
63373231613838633435363630636466653066646438343438643339326639373661383634306130
38303033353835633331366232373265653834333862373565383835343434396664353965643837
30633831646464336364333033333434376263656433313961656531396561633836336435316139
31326334636264396232626664633062626639616432626164396238346265656164313566663136
34346338396234323833306337616139363539623961366662376339323939653135313063366538
33643434376431666534376361396161343737653966343334393964663263613738613163363166
32643736623566336166333435343035653035333863366466366635346239626531333538623734
37316232623463356138373532363166336234616436393363666237313836656265613561663061
63386134346536326663393238363837306364323137326164613066363135303863623031343762
63376566333338316635323261386535343363313439633239383331623738323534356333316338
37323034663938663664383430623162383262323736326438616135396133616261343233616335
31353964653666616662333536353063323930343261336161666138383364373638323365623532
63646562656261396564666331303136626336366530326635336337653664616565326564373933
31326535356438656561666466336264326238336438646433633761643166653561323332663739
30336436623033346636633734353266383962656365376333333764363233643062333333366366
62383835353561316636386138643230373338396634626566633761623265653333366565656433
31656161386338633435663365633637353262333235376230313562636639316139343832353631
64623462663761616339363432366466636338336535303432386463323530336463386533303939
66323231373863366330343663656139623338313637633262313837653435643766336130336137
36393763616337623739626335336466613836303064613661613835366161313433333664343564
37393866616634386339653463316537353031316439383330666161646330303730626366373761
33313566633664306338363161653231366332626261313135353934383131313662396662653531
62343136303630363432373339366231663037663931613262303337643833383831336233363162
31386139316466303936303836326535623934386261656139333937366238653761646632363530
63333339376534313638336363396636653036633439323062613265636238366461613236353439
33366235353737613165316135306164373865363837613630333738386237373838343666386665
38643531316334373638626332613630326231626164323461313434363037663433333035393032
36626465383633336230323463323464396336306636643934373139623639343038613533356639
66373565633737666535626337633738336462323865626163313536376535653366386165396233
36353765616534636637343462393835393764643835616131653536373339353739366433366362
36313439653863373534633565633163363635386435343535623632613466343131333132313361
61316330643631616666343438613730653439653237623963373130343536343965636565613662
31623435393562346234346534646537346638313063376134343434613531636238626166306333
36323964373838633931356466663064333536666263376663343231663962363964656332633064
39633831383834326263393164623033633664383631646438316131663835633030383764326434
36613464623565613434326634623063343864616464343038343632613737393731363461616332
65636563623561623436633933643962663532356139363835323964613035343863633037636337
39366364656132626639
