$ANSIBLE_VAULT;1.1;AES256
38643339626532663566366635646130323366376666393130326430336539666362653362633538
6431316362383730613237633261643631646364356561300a376466623763376261383664626331
36346132363539643063373737656561653032306362356637393431373233373035376238366635
3832366338333766300a666566343961313531333963316163383261313938346230623264336337
65656631666365626232336563633132396162323630363161626238346262396237333434656432
38656563366434386431303331366363356435373232343937626537353738383963646561353262
33623631653530313830313761346239343336666463393563353461383863343136313666633534
35356565653865626239353435373338356261393664656263303132616235306534613564643531
62613032343562656233313636383265343131323339313233336666356535336135613165643739
66316235396362303932363633366330343236313661343330643534303837303032353738353261
62373538656134396532643638623035373762353732333933353561326338623066613164343838
35336636343263353734393737366430386463373433366431313366386232633161336262666337
30353165613565616664333864396535653961353430313563316461336431363932633039376436
33663830626430383161653235383761663736626130666239326166383263336661343665376537
61366162316430396638353338643634336533303738333632346631343265316364616266333933
66346439633565313434313863653430373137366235316239376431653862633766316366363434
63633932353930326438306466346663303333653634633236323731616131626334303932663235
66666263636462336566663536633732326439393631313863646462633866323230356165363739
32363265616465353337376162393964663364616263366566386262353663396265666230373236
32363532366238303463626536323530363561313664323937316431663463626261626263373232
34313363326466383365363938323533396366393064623663663230323432366434313463366134
35346435383062393463326230303364616334393534613565343535663135373438383363623739
33323338343033623264343333366664653432623838653664366433663334666265333033623537
32303939353564353533333236353737323766393635323238313265343838666138646432303164
38636532393237373937633365386666346531363635636565366339313764316264393438393831
35336565663935356161643062343932326638653233396464383136643339343331613134306539
33623464303438323030373132316562323862646139383763373936313037346534383433633535
33393565333930343737326561353861666565376134376663653434313439396231366666356639
33653330356435626237393538306535363865326237333335653836666638363861616164323732
38653231373133666430653566343030653735303164386562643436316466396539373337386466
61653963656263643861306530343832366364383039386435613034383630363635376461333865
32613134373536313133383763666365633336343564653663616439643161623638353562393166
31323335386530343138393462376339303463343034626566353161396535366564616335313762
66366163643263393633626136313564333734343530666166396563653535376330663464386633
33613066653663613064333661336664623337303136373562346364633636333439396531313438
36343466363937363362646532613735626137643962336539653430656365653139363635356365
39373064663766333964323261653736386563653738386566636265373863333439316338646161
33373239633734366630346131393264643036383936633162376561323965376336386536393036
61633035303062393061656431636265373063373362396534326437373462323464616436323338
31373335663531353930633464353662636561356430376562633763373866343831323764376530
61353734306235383136323335353235323437656633343437313035313238333362396661656431
36633162363237373837333331623431616338373363623933626438396635623765623862383561
66383039626338383464363839333230353163363765343466353234333531373561363737643637
32333035383161366536383539303631666665393861313334356637386237616231366237313834
37363566666633623564353237343637666465643430666664343938666137363833633761656639
63323761643139633064326338313566313732656439663633643666363134646234623064653562
30363539626135376166356538336537623138313937396131623065393439313338373334346434
33633234643335333432373534343864336435616631653438633737613830626338326663646431
35333766383261306134383366376437346238653036303638663965386638663766353731653134
30663266623236396662373663633835306338316161346630353432393163613733356164323963
39316161376635316439353632386234616431363431626562316661323463363730383162343861
38646238636365613165313864313831333435396139356537623330663462306136663165633335
36336539313666326234343338353237333365393763356362393635396136653563393863366533
39343537656530303964656364623837663630373039623365313037343638613661333361316263
38313235343237336365333130346535623030653030303866333234393461303339363064623435
31363966643539393366343038323236323163636133366561623966656132353436623166333066
34393931663737336336663437363238383939626434373830316466396339306332613432643565
35383965323366633934306135643137326632323231393037346564356465353936333335333964
64643536613837306339633062376161346335393034343661616535663230323033356630356431
63323332366433353934623031326338343361373130663530626133363630353036303131653233
38346139643030353465366361333566643066303164633635613639663733653663393230373065
64353935613631393937376237306532313436383061653536313762616132306263383931363630
31363437643939313733303566653234373138653133663962363238326532633762626338626539
62373139393131393365653332633961663464613732346431653530663765666530316562393832
35356564363537653566613862366237306331383066356631313763376539323763366366316664
31376234643763313965326333393035343663653130313530303536623538653864646664393163
32363532333865313135653436346531353463643437653939396264343965646464393534653031
31666562343632383935613832396633323434653638303234383335353433363232633930613965
38316432363034353762306664333736373266326564333434383732323536353466356566303531
32663437316334363039636364393466393533323730643138356263653037343366336131373635
35633161376638343134376132373236633165363336326362393932346265343231643437363930
65373633633133373930636562326436393362343862323234303262393538653661303164656165
33353764656336643237613336653335633630663231653035373134383863393564633831366631
31326662356564363533633131623139623832323336633939323432346537366566313838333265
32326336346334653636393061633135623836306362313464626330356233306162633561366538
36663431313332613731303131366631616637373332366230396562373662383031646263613561
65633964643837666462643430323965363937643137346235386565666335663961346361373866
36363538343864333130363533323639393463316533383862333135643836653433343464623362
30383131646262653730376638656663636435633864313338323238623536363633333162653963
35363336613164346631373731376135343130323961623766303264666636353235303337326166
35386532623261623065373731363935313231343338306231366332643362383635613163366361
37393538306339623761383636626331303635626364636431646664343364323432396164356361
32643464393462666563323865323735616662613264646262303430663433363132613861353665
37343332616264626234643061613361393865646165323262333936366135323932366230656232
31656163353735383861656436363166326264663664386530326639643238666230323166663765
37353031326166343938383631643933326661663032363335353066333735363636363933336264
65643135613032613665316365363730393834323836343139383963653737653537633865653739
35303538326134336662613336393361643735303464326138656339653039383132303936356363
61646364303364313439356631626561363930326235653232376238363739336637336561343830
37623438333139333833376336316339623436336237323062626631383666363537656433373264
33396331316563336636303761396338333437383438346539613462663935613966646330656132
35386666616532353436663332323163666332643864393064336332353537646465373565623265
3965
