$ANSIBLE_VAULT;1.1;AES256
37643839333536656138616162326231333831653465393030313866313531623333366462613534
3436323734666236633566336362396531373236356230640a663534623139626532623463303761
33633532613561613764663030386239336636383066623536653034386430646230343665366663
3965396631626536610a633864316438366465393536366133623835626234363337623030636532
34326137616136376161663439333332323935366163653665663737333562306139366336333462
62306632643138333062383964653232346134386230646236333362653963383339663961383039
37666132383138363563383233646538306432633963346231333331373166666131653332366133
66393830336331656661663465316132356630633662613836343366643837653264626565663432
66303862623539393738393439633733343337393630653636643866366639386265633232656339
65613566353761376465323663626462663334653438616639363338613561613464303766613965
33353033393037626463366365346537363761613365333564623663386362353763653838316339
66623132626661313166623861663833343065626263333337666635653130613663333062313466
39663339383734616430356336313236323266366431653637313337616135666466336464643132
33316331363336633863343336336562336365623130646632396132623637616463373761656366
36313136343466633165353765383736303664393634353839343062306163373535666337363966
30663537613664373066396338376235353064656630393339333935646631356536613365356133
33633832346137393133613966616339633630366532306135396165336438656337383136326435
66316564373138386631653161353639353434346133353732306339343735353539306666633038
62636236626130313931393133303165366663323037313732343566326431303537396130636139
64623164323363643563303539653562646639323165663833646532656334343232396130616664
3061
