$ANSIBLE_VAULT;1.1;AES256
34346164336637323539303263663062633164306562303535643762386266633431616535663638
3066646237383762643562656438643839356565303130630a323036336334626437613664646161
33666335653939316437656533373164393462316565303330393861326534343833313334656631
6466626163333565390a373662393831626462396339373365306236323234326431613037616337
38353531373639626164643733386531656166396137663366303034623338323963313733626137
65343836386666383265653031613166356630383961613734396266303665313237656131323630
33623261383739653831326233636265663863333962643133613636306132666231326263643632
35383766373961313663366162656462646332613430333531613362663866636439333261633263
33303039613563306661633031636531373230396332346536653032313236353830663233383738
61396139646663376131633562616261623139353065386363633464646234393664306363326666
66636636363562366330306565666437363537393464653536636562663362643732353862393637
65316131313238366663373233613032663436633036393132613539363836636633343532666636
36313336643638343234303539376363373763336464313066366662666637313561396531383131
34333432353030333237393636396238313262386132363232616437333637313638316135613733
32396264383063386562306164633738393865393762646164353066323936636163636633353762
33376130376231666439656564363862623034366332663964353838316239323365346538303039
39636163373964666631376231343133303330636539656332313161326238613634393362663538
34623365653335383561353735306234356437613739396261346261356561333531643964363761
64343330653566656261646234626236616263636166353139616366386432646366363662396230
62316233623435383537616334626666616662386636383337383834396634346162333164383965
37623131323732316661326261316462343137643635326331386465646361396434376336333062
33393236376339646330353736393930626434653137396438376439626264646131653638313138
39656330373363333139353339303665623663366137643866346664393139663330656134633464
35646463643137396230363339613531393564343837323839376237323234666239656565326138
34396366303636303638653361653637366266333461666263633439383062613561376531343736
38333135306163393339356539363133366231663838343639376132303264373233386266666637
32333334363064396564366134633433633039363630643566373130366133643966613932626266
64343161396431393863
