$ANSIBLE_VAULT;1.1;AES256
64613235646464613832383865333965306236636264313839366334636664393031373834336230
3636326330366131373733366462376336313135656333340a393934396639326231313438323137
38383063616333373739356561366336303231643866343466316230326362336263356539623065
3035333339326362650a623263653734303835646431636639386263623630633336373631616462
63393936633734383435343133653033356136313363383338623366346137373563626334343538
66303230373336323463346638396136373361323562666566323338393037646232326366396462
66303465343966386265303339333564663739373966346133333533373036303864363664363865
64343632653339616339316137393437646638383135353062393938366365363133653035346464
30613162363436616563666162323636343862633161616165306530326230656238323734656265
61343736346638623439353633323633336539666331346639366565303065313631303463373036
62346234623531396439383837346634313762343731316166373565656236393131313733666261
34656466366135326230616434306261386165316334306435313165323534646662366530343632
61373132653232343336613266623261353936643030366361616664653431326264643335616432
64353733653535663030353335663861303431326338353732623264653739663762363766653864
34393534633064653535666234636163376566653264353466383430383137313964656562656663
65303264616234653634393630333134373635653362306330643034666662396265343439613364
35623435356332383965383431306365336564636561306237353633376133643233633339653566
37393562353766343061623736313633376530386461396333323037616530373665386135383838
63373736383964316136626332363035663737326462633439636465346437626362333561373838
61363532306530636236623233636337353266393837396437626430366532663136393562396231
35633933326138663235313638336564636634373836616436646138666138333836323935313165
66346332366239313639613338316533336532316633383437383235646266333964303961313961
34643161393663333330303264313237666562393834353738343861363737393066613764343633
36323264346535353838393962363863653530363839353861383961636536333662303564613532
64346562646331623033373439366164353666316666396261623730383461616431616638613538
38366539643263336339666138353838356639373062326363653830383536303936333739646233
34656632383137313830393734313831386663313731613839326561656639336639373865376666
66336636303732303665353038393936383833313866373638626239373163326630646632666663
61646466376463343030643065356232626638353862333737383961363937393233323830666664
39343066353561383466613735653638663463363733396634333763623038616561393265323835
39373630316265323062386339373465656263326632633137306538346162383636653631626662
66326235643632626233346136656436376366666462323032616265383466613532396335636431
66666661353765323133313237316339346538356565636539363937663538616261643831333437
35616566356666633563306431663566633838643039626566333636346335316434303035333466
63616364353838363335643562633035386331313631356637666362613666393834313432366239
66643337383962373234646132393964643065373735633839363961393564633463636463316637
63616639623063376431313434333263666334376166303336356266666436393135366536306564
38323137383435316466346531653365366533386536343365313966343066303535613839333864
36343538653939666432366239313932336435316563623965663566353161623233373466643963
39383836366132323639313739656636643465653064303866306434303665393138613031623130
61353362376664663039633164343265623134633961303237623833376238333861356439346630
63323363313830353138633839303535353765663532666534653131386563353561636334633435
35386465393664623936653033323634616434383063653631663337373436333638656132383931
35653437333430363236316238363935636237316538373934663139326162323135313161373133
66383535353561633734306533303130366431373164636536373738333664343935376131623861
65316361393330376264313161633130633033653539393436323134613938353661323336333666
36353834643439393634633765343135393565626235636337666235633165343632656534613736
33656136346161333534363630636364393935333137626162313561643534373132376633653565
62613338633538306663316338363439386435333736333962363566333639346636646231383263
33613538623633383235363132616431663031653431303832353732353136316665323432643939
62353635613432663366666337386161376632376636326661373035633162316531626531663539
30346630373038393432613232316662636339396665393635323337663931313937386261373161
66633632613635366134616463643763343332343663313662306639643730643937663532366264
36663434353832353931636666343339666137613832353536643661316366666161303333393630
66306566333432643662383031356336306365616435303465633263326165353035313161643364
66393938323864343363613535643065623635623438373132336464643230623466303135363234
64363836333365356261363038626337363230376664356534653165376236303665393463326533
30663338646234373730623232393039616337343661613264353738346162346534363965663436
35356638363938396235393435656634373837343962636364663237353261663961386634323965
39316166633831366364373061363034613438626263313863643637616163373461326661343361
37356661346638313364623365336462323639663137306464613133633165666363616334373830
62303465383263353730643063346561306637306263363666373335366430656665616434313735
31373833636432373531313163653061623537346265303636663464646537386362633166636261
39623561653431376335343639363634376664333838346339653830333138323536666432333965
37343738313937316132653438313434656664363438656261373131653063313863636165373465
66643633663665303831653565623739633638353164393932333662393163386337386236663033
39646239633262343639323461616430343864633634643332363963336435633264313936653664
64653736643337376563663433646562633433373736353530323431316232633961393635663466
31326333333862333636393963323634316235366663366139643838363032303536633665323437
63366232303038656334306163636535613031383661623935306230356166383839306630313533
33396565396437393936646236663337386533613236623331363066386233653164626363393537
36633230663633383231366662393634626463633033343364376162393730653539323963323438
30656162336330633337616263383232366431353734373339306330393730393661656265666265
36343735656666303237663135396332663336383736613937383333393666653765653935623461
63613961666138303363656338353162313133373533663864653235616463336230323665373665
31316633303462336431646465353432383762633062313732373161666235386262316338663764
62663361333432623831353439333735353133663064396531643334383031653131353239363135
66663262396235633137333339373433663239653765303438353834383161393531653762663230
39656238376335313534636130653661616266623463653266643831346563656338306139353231
39313539356134646332326539383935373764316261336336333739333430613836353830303935
64396230393562643864633361356261396539383565313636396439626238393339393734326462
36336237316138393564363233653836666161313432373039633563633139623139326634313639
62623866353538623134366436616464656333393839396465646236656133303531343265333533
38333062343434373031626233383037333332616135663633373836653164393863663639636330
36396661643332623461313666653961616330613234316564343263323838623664393832356638
31643531343136373137643135323439343435366334646361323764666333613762636336316438
34623733323133386666373464353566303266623938373639343435356233613033643634373366
34623436613739653238636361636264663435396138326637323961376431343565663939656531
36353763646666363161616339383537616135653638316539663263626135663636383139303562
62656636623133303731613164623938353363616161383136636661663565393964633334663637
32386466633863313561366238376265313339613431623632333639616166306534633563333733
39613338666362386139626535663339623066303762313133623538616335636635343135373936
35663439396332623066656366396332393636626333343231336162653965356631316130343266
31663530363432393430373666636538343732656366383631303035376235616135616135303034
32343733653337626232653733663465396338383538326338353832636139633963336562633535
66353063383336373930633666336663383962313338396461613564656438626130656638343334
37383838306633666361653433333965376265363063326133363534623530316532326635633335
63386231356265656430663763663136666631393632313564343061376439653035643231346133
66306361633733666666666561353461613236363061316631363639626661333135653863616533
31383564363030653235626637646635383337343232616133643731343135363363633161653435
35356261323566353636353032313430626162343334316262323036363232653062653036653339
37383737623431656631353737373561626264376163653064306433663835383861616137613431
65343861326463373434636630383761333565383136303461393935383530653639366538333037
30393431323636323864323536626564356631373839383633393137313866386464356161376366
64336332323531396238323633343861366432636139633231373065343637343264613535643065
63336336373764326531396361313364663461346163656165373632623932616635663633643733
34623537386434666132633539636333326337386663646337316638363731666339306664336539
66646266393064626466383761323330373863616232653339313365653435653965393938373137
36613762633232363639373734663035643434653137353035663764306632663737613931626232
37346532363963643936643338333631303536643766643231313238313539633236303837363136
31353663656362613239343135366633653239626530366530373564613036373232346262366634
31336364663762353462663064376165643536396534393238353336396363303834393335393631
39363065316232393534616135323161383035353633396338653531393935303039356236656163
63633964393863323339363636313162666339646536313265303263623561623965373236386136
32396665313263636266373838313235366563366464343333353637396335346564613237386366
38663835663835633438333438306536626434316461323932323232373836363337303864363861
35336361363430336665303562376330643430356334623535393363373438666139306364623463
35666433613937626663616437346461363364333163663161336361323732396233616338373561
31633465303863343838343964666264393832393865666234356366393033663962343761396435
64353032336131613530623234653532333063333965643362393735616261323062353731623463
39343536336535376362356233366332616465313634323133363865306530393564616133363134
37313634613966646366343964393339333036336466643663336638306462383535356264396135
62616131383335343163366238323663303963633539343932336562633032393931316539663639
36323361333264373837336538643262393063613338303834383464653533376139333261306534
38376166383638646461663335653733633964366538316163316432333761633435333634303332
30336238373533373632636638613564343139656663323065383363343532326466393362653961
63366666396138366639323730313730353033316137316264346466666438393532353032643961
62663465313732643330303832333462303966303631393434396166356132616137356566353134
35626262373265653335306562616463353266306536303835353063663332303539303763646364
34393935666433323937616434306231666435326334623334336632326232386339306439323661
62363933613764353333643261366338376133306335666465656335666138623430646330353635
37323964393437633265613730366664643365363538323631313830313437313462393366346338
37356563386261646365383234323532363933613431386536363932373165616166376132373065
39623939336663333733383632386537393930376438336634666237383263613634343135353738
31626463373832303639366563643131656131633830613232393965666236376538616363353632
36313237616332336461343933393832656131393665663237353763666162363539336334623161
64623061646239646436353831333338333861303164336136306430313566666131636139383235
36373036323364623535386564303935663033656338613861353631326632663666616239356339
37643037613665326531656162306438326632626538613339393466363837363637326433386136
32666539633264663033353834636139626165373833653563393037656133323862323864643363
34666139346631343530353761323865633130323539626630646234373065636233633462303731
30376438333461336436633139313930383838376430653730373862333932303731353231663861
63666638313437646430316635343139396135663037326664373530383639326530393063346632
66353934376238363231363831353162316133336366663766386433376631396332633439636163
64393339663563356134623031353561373366353262643134376537376431343237646266353939
37646434316166613333366135623265663763363738383665623339323133633463306565313936
38323232303964366633383764363063316638336234353338653764656533306430313233343938
65313363396165303463326532643230636634383836336238623831636162643036336337383137
65326562323238346665383562336337313161396537323434313236323732333532333131356563
35616633396130323130623432313938633937666138646135336532306266643461373038306466
34346564353431646136333738343835323636336433336537616235646336363965316237646265
61336465346433373561626138356230336461663731323337633236643564316634363163626635
38623861303334613263326564616135616434343061643366366533346465643166323062623535
61313331666462386564343432316361613965326532323135363663656338386532313864316366
33653231306533663164356466616631383865623362386365336361616564383830303435323264
33393134303762346336316135336331386461376236393730396230626362323037346263363764
31663065383865373965323432623966616433303533333231653638643439306231663534653563
64653936346566653636373534383236393061396262323830313330336534313437363166353662
62633333613162303632633863313239626334363334653432353135616639326637353939366139
63316132353266616133333263393136393561313662316134316433653937386231323161383638
64623166383464323063326262323630623438353566613433646162613763303739373362376639
37363638623936303062346662356666306462616136383537323636643232343332663437653466
38633261646136366161333335313131356261636662353735333637613561373430636630666236
62396133316265616433613433643931303535636364613131646331383431313038363837613766
66306263663430656232636439366535366565373531306664633835613230623437363936323834
66613932633333376431643130326565336539616432646632383032343737343739353537373530
33306531653666386430613832316333373136353364343038666237353937346561346164393937
63333439396561343261393337643435393061373739363565376630626566323139306435633463
66646537623830633638346136623234626465653130363065323332646432366630613163373330
61356433653936636131633231383263623632363430666564326537396337643266663861323034
62373664323364393063316663353266313634353834323165343438386361323534333766353466
31323063613861323566316665383466396233623166363764333237633730613239646363363931
66616637376533356530373635393931343561346434366464613638323335393365653939653336
65376166336431626534623535303431366439663431663137313933353565333362363364626130
39323562623166323036626338393765346239643163386336343638613530653636626135313562
31656262303037343637
